TPR :  {0: array([0.        , 0.96995995, 1.        ]), 1: array([0.        , 0.95847067, 1.        ]), 2: array([0.       , 0.9690027, 1.       ]), 3: array([0.        , 0.91127418, 1.        ]), 4: array([0.        , 0.91315965, 1.        ]), 5: array([0.       , 0.8024532, 1.       ]), 6: array([0.        , 0.92075218, 1.        ]), 7: array([0.        , 0.89366053, 1.        ]), 'macro': array([0.        , 0.42530768, 0.516016  , 0.52800093, 0.77645497,
       0.79491769, 0.82837068, 0.90428797, 0.9180876 , 1.        ])}
fpr :  {0: array([0.        , 0.00438012, 1.        ]), 1: array([0.        , 0.00419727, 1.        ]), 2: array([0.        , 0.00323317, 1.        ]), 3: array([0.        , 0.01352252, 1.        ]), 4: array([0.        , 0.01161573, 1.        ]), 5: array([0.        , 0.02526074, 1.        ]), 6: array([0.        , 0.01094092, 1.        ]), 7: array([0.        , 0.02183613, 1.        ]), 'macro': array([0.        , 0.00323317, 0.00419727, 0.00438012, 0.01094092,
       0.01161573, 0.01352252, 0.02183613, 0.02526074, 1.        ])}
roc_auc :  {0: 0.9827899142613562, 1: 0.9771366970071959, 2: 0.9828847634563274, 3: 0.9488758305619612, 4: 0.9507719618996157, 5: 0.8885962275055426, 6: 0.9549056318178678, 7: 0.935912198821233, 'macro': 0.9527341531663875}
